2.411880
-3.669772
8.908026
-0.258553
-4.143378
0.622526
-0.868550
2.098281
-6.013684
-0.399053
-3.650915
0.590923
-3.210401
-3.406913
-0.084957
-4.414062
0.045077
-1.412790
1.391434
-0.080808
-0.115494
-3.323833
2.112944
2.630274
3.181897
2.869203
0.048317
0.693601
0.001510
1.020694
2.357347
1.038302
-0.114273
-4.117650
-5.008189
-1.287758
2.409050
1.226437
6.173443
-2.448654
1.092173
-1.132368
0.453441
-1.006530
-1.944304
1.157574
-1.468397
0.540085
3.213526
0.963296
-1.716332
-2.940814
1.689515
-3.216942
1.193262
-0.407278
-0.540255
-0.377796
0.802392
0.763160
0.955074
-3.554747
0.363013
0.794855
0.262208
2.585184
1.922202
1.114904
-5.824578
-0.762940
-0.698260
-2.402806
9.467911
1.738144
1.252251
-1.503569
-0.095389
-1.499593
-0.150070
1.826397
0.496211
-4.175202
-2.294775
-3.746286
-0.479150
-0.153664
0.484909
-2.007193
-2.917160
0.051127
3.319352
-3.568459
3.030999
-3.480433
-0.186748
0.893736
0.793940
0.421580
7.233084
-3.547170
-0.747931
-0.132319
2.291579
-1.649959
2.389376
0.442939
1.479839
-0.694785
-3.446615
-0.477503
1.594809
-1.168812
-0.432329
-2.246325
-1.603940
-0.639694
-3.003819
-1.888396
0.659882
2.963800
-0.738958
-5.342760
-1.888157
-0.646310
-4.913855
-0.398861
-0.711441
0.619123
5.506513
-0.065354
0.830577
-0.108198
-1.014857
4.625532
0.722078
-1.625365
0.416162
0.633845
-1.073102
-4.848523
-1.386182
-2.566718
0.274328
11.561926
0.547914
-2.706210
1.807449
-0.465976
-4.112390
1.256443
0.704273
-2.410043
-0.639102
3.126138
-0.323875
0.275314
0.852779
-0.872460
-0.600769
-0.307016
-3.973704
8.039038
2.146737
-0.897755
-0.935521
-0.829157
1.258511
-0.092005
0.765047
-2.054551
1.080698
-2.556945
-1.499192
-0.765726
2.555745
-3.864298
-1.004282
0.166967
1.269788
2.919195
-1.535633
-0.835325
2.851521
-0.581898
2.280901
-1.253040
-2.693827
0.194269
0.003395
-1.977171
0.059512
-2.790079
-3.053497
0.084384
-1.082531
-1.322262
0.994431
-4.098574
-3.397039
-2.230824
5.013380
-1.223361
9.622076
-0.038574
0.650146
-0.704957
-0.816432
1.052531
-4.878701
2.745427
-2.556267
3.103914
-2.369743
3.346067
-0.934734
0.025981
-3.895381
-1.921874
-0.431176
-0.558979
-4.832511
-2.062954
2.877288
9.410204
-0.839170
-2.612801
3.079543
1.229923
0.093237
-0.803570
-2.053233
-1.531126
1.106444
1.658923
-0.854697
-3.036754
-4.905140
1.187696
3.016539
-1.943160
-5.598368
-0.480058
1.681532
-1.110953
0.669507
2.329869
-0.881996
-0.533073
0.724820
-2.328908
10.188215
-1.802899
-0.586629
1.825130
0.225413
1.870642
0.450791
-0.256825
-2.094652
-1.603462
-1.248494
3.563545
2.609538
2.579540
-0.327704
0.508710
0.841598
3.680980
2.348858
3.145411
-1.054511
1.899307
0.678082
-0.674157
0.680040
1.252240
-1.169360
1.416909
1.266680
-3.807124
1.986879
4.254531
3.689823
3.506184
4.338330
3.130702
1.874818
3.911920
2.833844
2.835860
1.327605
3.942250
3.969494
0.331482
3.033986
3.078003
1.706015
1.705686
0.904916
1.920676
0.545574
2.025404
2.221109
1.823483
1.678977
0.167305
2.116566
0.673372
2.510107
2.258283
0.073108
2.544558
2.219655
-0.108094
2.598350
2.621474
2.772749
3.193280
0.181758
0.911361
1.410317
1.001938
2.530171
2.664027
2.650495
2.998153
2.655721
3.553090
3.217660
3.625514
0.643455
-0.218183
0.496964
1.104849
4.603691
4.697035
4.560698
1.011848
4.590215
4.619724
4.506934
0.565724
2.406089
-4.074875
2.945222
2.160372
1.484102
2.198827
3.003156
3.045919
3.087596
0.075922
0.011537
0.003081
3.191471
3.046580
3.332730
2.914380
2.866861
3.194275
2.984168
2.842028
2.207791
-4.136583
1.182912
2.998575
2.047545
2.952428
2.521416
0.407530
0.938482
1.638914
0.443073
3.342473
2.184048
0.914135
1.997885
2.928776
-0.480007
1.017663
-0.152817
-0.019487
0.318670
0.367765
0.724975
-1.097049
0.878097
3.153202
3.973321
-3.618230
2.401486
3.853140
3.612956
3.246774
4.902440
4.366831
0.222859
0.540011
1.695069
1.399307
0.775102
-0.435995
0.596251
0.584604
1.135903
3.730590
2.058639
2.638795
3.645159
2.456418
-3.292161
3.367320
2.167916
3.105853
4.347035
4.376187
4.433586
2.898910
3.063055
3.232964
1.635546
0.822635
1.808476
4.460946
3.877114
3.259277
3.809018
3.081410
4.031030
4.075704
3.222101
-3.972238
2.706889
3.307738
0.060198
2.606468
0.871668
0.209306
2.835839
1.792096
0.250423
3.281538
3.280412
3.756260
2.865220
1.747207
3.355672
2.849864
-4.289242
2.802227
3.499735
0.798746
0.950176
4.036634
0.378777
1.859901
3.065862
0.590877
1.247501
0.007836
3.517204
1.028689
2.361966
3.871289
1.875724
2.614795
3.126018
2.592729
3.964948
3.802498
1.350390
4.456718
1.420186
3.410626
1.086427
4.474810
4.278931
3.710811
1.200435
1.733126
2.271752
2.225945
0.796845
1.536689
2.503298
1.798337
4.935470
4.226090
0.641091
3.524186
1.869283
4.856259
1.735533
3.326281
3.798897
2.802233
2.863311
1.462360
1.544568
2.306929
1.047728
4.225523
2.811302
0.169560
5.064860
3.965138
2.326933
4.607535
-4.680385
2.967856
4.499840
4.007882
3.538333
3.296991
3.788371
4.091118
3.156235
3.144709
3.539672
-4.897001
2.210971
3.798662
