1.635303
0.633263
-0.576736
2.143002
-0.571490
-2.531884
0.193231
0.215762
-1.116728
-1.834885
2.411017
-0.936804
-0.575812
-2.905462
-2.217405
-2.399068
-1.354303
-0.577189
-0.429120
0.070806
-0.978232
0.981241
-1.311755
0.205389
-0.755650
0.520978
-1.377053
0.295121
-1.364378
-0.213541
0.256762
0.118751
1.193307
-0.861667
-1.461367
-2.167789
-1.636667
-0.424834
0.894314
-0.231651
0.215206
-1.850858
0.071252
-0.987822
0.034850
-0.352206
-0.507166
-0.546509
-1.856490
-0.758503
-0.108525
-1.113694
-0.175527
-1.768680
0.875740
-0.100661
-0.350865
0.469120
-2.147298
-0.154124
-2.024576
0.948245
0.883093
-3.247700
1.141486
-1.805833
0.316725
0.649918
-2.659779
-0.011461
-1.702409
-1.018825
1.830014
-1.718307
-2.242451
-0.207232
-0.245071
-1.254315
-0.543063
-3.549425
0.674874
1.756019
0.303228
-1.735766
-1.295099
-2.529958
0.412432
-1.035716
-0.160133
-0.938843
-2.010311
-0.539251
-0.802258
-0.735064
-1.992309
-0.654520
-1.233123
-1.885614
-1.353425
-0.152140
1.175753
-0.536075
1.063516
-0.880435
-0.183033
0.335406
1.696152
0.526692
-0.682896
0.281808
-0.409232
0.073503
0.076730
-1.999143
1.093584
-2.318243
-1.504260
1.115024
0.281482
-1.957979
-3.798717
10.439977
-0.984238
5.870698
-2.659368
-2.361459
-1.692632
3.295106
-2.528901
-2.565225
1.974684
-4.200422
2.161109
2.258900
1.445743
0.652570
-0.046722
-1.197793
-1.103703
-2.221876
-0.504102
-3.730392
-0.411488
-3.176703
1.188745
0.652962
-0.314699
-1.227533
-2.289227
-1.444712
-1.261677
0.898103
-2.129550
-1.711749
-0.329473
-2.730489
-0.493190
-0.284384
0.971685
0.173557
1.380689
-1.340700
-0.182202
-0.497996
-2.496713
-1.158156
-0.801207
-0.356863
-1.451589
0.372499
-0.824640
-1.216163
0.885271
2.336338
-1.767559
0.500421
4.692168
-1.954937
1.721995
-1.715624
0.645450
-1.463144
-0.311559
-0.375656
-1.468387
-1.744349
-0.882989
-0.894861
-1.485659
-0.354407
-3.649154
-0.357068
-1.045545
-1.177759
-1.281065
1.251394
1.291093
0.426171
3.572853
-1.237585
2.887506
-1.603651
-1.281070
0.002770
0.985967
-0.447321
0.385312
-0.255666
-2.524866
-2.081568
-2.188138
0.820018
-0.366982
-1.764221
0.332820
-2.212344
-1.469669
-0.318530
0.247007
-0.493956
0.330019
0.897576
-1.829840
0.145334
-0.286669
-1.003938
-0.727202
-1.869071
1.176471
0.253691
0.378391
-0.969415
-1.107135
-1.606589
-0.155560
-0.776895
-0.021476
-4.554105
0.647047
-3.333423
0.476332
-0.330703
3.954052
-2.187672
4.943083
-0.543089
1.096042
-1.608734
-1.302364
1.926405
0.830208
-1.019819
-0.461059
-0.489519
0.508837
-0.913935
-1.550834
0.500448
-0.162365
-0.369112
-1.319284
-1.297976
2.403143
0.339440
2.520131
0.194279
1.152935
-0.462180
2.356613
1.151612
1.656439
1.872155
1.515108
0.688356
2.998046
0.099673
-0.547932
-0.611048
0.522667
2.165447
1.251846
2.704019
1.186960
1.688548
1.074646
-4.408615
0.201498
0.712025
1.467848
2.163672
2.443882
-1.829041
1.656204
-1.915028
2.048455
2.104327
2.161771
0.718162
1.670068
4.230292
1.412070
-1.327483
2.230141
3.938980
1.657140
0.858371
5.008348
2.669505
1.850763
4.983146
-8.003376
2.629388
6.873842
5.019358
4.842837
2.372316
-1.334383
0.902416
2.011403
0.534213
0.084304
2.496936
-1.909716
0.667614
1.275791
2.102853
3.855238
1.032079
-4.211926
3.553187
2.539693
4.427759
5.176869
1.334469
1.564365
3.486987
0.356596
0.456912
1.170757
2.857057
0.592196
-1.645993
0.454793
1.024291
3.204240
1.058538
0.276449
0.034839
2.648717
2.904763
0.373680
4.853533
0.745332
0.731058
0.687144
-1.801394
0.584973
0.508912
1.399616
5.338970
-0.196680
1.119664
1.657197
0.467659
5.305439
0.807679
1.049803
1.252081
2.785330
3.264863
-0.077072
-0.003934
1.038486
0.341114
0.805190
0.618899
-0.105127
6.138976
1.218339
-1.182051
-0.884293
2.871959
-0.715470
3.164396
0.993541
1.417811
1.877545
3.163867
-0.727274
-0.195286
1.389581
3.118677
1.775079
1.472880
-0.508637
-1.230203
-0.632284
2.515968
0.629750
3.010573
0.441841
4.199510
0.680729
3.220643
0.078293
-1.130653
0.659520
1.743799
0.854927
3.265754
0.898747
1.495218
0.950588
4.137993
1.926213
1.306870
1.798522
-0.696683
3.578725
-0.518224
-1.465137
1.385152
-1.171800
1.865872
1.738420
0.575219
-0.254647
3.355763
0.870116
-0.430792
0.317871
-0.604485
1.633337
-0.602598
1.529437
-1.613385
1.205391
2.905024
1.476836
0.204493
2.578923
1.777732
0.984740
1.394217
-0.272827
1.245176
1.742783
-0.173903
-0.317789
-0.181964
-0.036323
0.950337
3.868213
1.692063
-0.332987
1.618446
-1.987447
-0.332370
-0.471458
1.878387
-1.259016
1.545263
0.332561
0.742664
0.241869
2.830492
-1.050613
0.595726
2.541112
0.553905
2.359768
-0.234609
-0.021754
-0.484213
3.580229
0.772567
2.006103
0.375225
-0.872254
1.167327
1.610256
1.660251
1.404736
5.125644
-0.794675
0.347207
3.098959
2.717557
0.352067
2.305524
0.800927
2.064264
-0.034870
3.192161
2.382679
2.069143
2.049518
1.942972
1.236172
1.482735
1.044749
-3.260634
1.953688
0.391143
1.879185
2.542850
-0.384344
3.144263
0.878436
3.311145
-0.414689
1.419386
1.274127
1.067587
0.044507
1.148426
2.492920
2.140411
-1.937490
1.898327
1.149380
2.288880
